hangFlag=0
mpcFlag=1
frPolishMode=2 ;no=0,cbic=1,wbic=2
cmdFocFlag=1
rcLogFlag=1
rcConsoleFlag=1
wkLogFlag=1
wkConsoleFlag=1

period=0.8
duty=0.5
mass=55
imuAdj=0, 0
vRateX=0.5
vRateY=0.5
capRate=0.03

errRateStP=0.1
errRateStR=0.01

jntRcPos=	0, -0.07, 0.872664625, -1.675516, 0.837758,
			0,  0.07, 0.872664625, -1.675516, 0.837758
			
; task 浮基6 +腿12  +臂6 +腰头3 +臂2  =29
;      0     6  12  18   24   29
taskW=1,1,1,1,1,1,
	  1,1,1,1,1,1,  1,1,1,1,1,1,
	  1,1,1,  1,1,1,
	  1,1,1,1,1
ddxKp=150,150,100,150,100,50,
	  150,150,150,150,150,150,  150,150,150,150,150,150,
	  150,150,150,  150,150,150,
	  200,200,200,100,100
ddxKd=10,10,10,8,10,6,
	  10,10,10,10,10,10,  10,10,10,10,10,10,
	  10,10,10,  10,10,10,
	  10,5,5,5,5

; ddpQ权重为：p、A、v、w
ddpQ=1000000,1000000,1000000, 500000,500000,500000, 1000,1000,1000, 1000,1000,1000
ddpR=1e-4,1e-4,1e-4,  0.01,0.01,0.01,  1e-4,1e-4,1e-4,  0.01,0.01,0.01
; mpcQ权重为：A、p、w、v
mpcQ=10000,5000,400,  5000,1000,1000,  10,10,10,  10,10,10
mpcR=0.05,0.01,0.01,  1e-4,1e-4,1e-5,  0.05,0.01,0.01,  1e-4,1e-4,1e-5
mpcW=1e+1,1e+1,1e+1,  1e+1,1e+1,1e-1
; mpcW=0,0,0,  0,0,0
; cbicQ权重为：腿12+躯6，前3移动、后3转动
cbicQ=1,1,1,1,1,0.1,  1,1,1,1,1,0.1,  5000,5000,5000,1000,1000,1000
; wbicQ权重为：腿12+躯6，前3移动、后3转动
wbicQ=1,1,1,1,1,1,  1,1,1,1,1,1,  10000,10000,10000,5000,5000,5000
; wbicQ=1,1,1,1,1,1,  1,1,1,1,1,1,  100,100,100,50,50,50

; state pid
sttKpA=100,100,40
sttKiA=0.02,0.02,0.02
sttKdA=10,10,10
sttKpP=10,10,10
sttKiP=0.01,0.01,0.01
sttKdP=1,1,1

; rc关节控制
jntKpAdd=500
jntKiAdd=1
jntKdAdd=10

dutyKP=0
dutyKA=0

rlKp=300
rlKd=5